  0.17366458        -0.81007421        -0.56001806
  0.27260184        -0.78338671        -0.55856377
  0.31464374        -0.80670530        -0.50022578
  0.26674166        -0.86423874        -0.42654452
  0.18825330        -0.88121170        -0.43362045
  0.13777459        -0.84904826        -0.51003444
 -0.57377011        -0.57030272        -0.58782876
 -0.62507069        -0.51078403        -0.59024256
 -0.61206150        -0.43971735        -0.65728939
 -0.53235126        -0.45022017        -0.71687096
 -0.49040046        -0.50309652        -0.71161872
 -0.49766523        -0.58150840        -0.64356613
  0.96559829        -0.17692138        -0.19057493
  0.98588675        -0.06307061        -0.15507890
  0.99617845        -0.05427597        -0.06842903
  0.99254501        -0.12110674        -0.01369697
  0.97995627        -0.19499315        -0.04078403
  0.96561044        -0.21663988        -0.14374849
 -0.26693875        -0.32543513         0.90710294
 -0.20537905        -0.28798139         0.93535352
 -0.20381947        -0.19847640         0.95867866
 -0.29044649        -0.14959055         0.94512618
 -0.35002655        -0.17966850         0.91934794
 -0.35390112        -0.27614111         0.89358836
  0.36764887        -0.30174503         0.87965006
  0.33983269        -0.22038803         0.91429907
  0.27638280        -0.20602752         0.93870401
  0.19933291        -0.28090823         0.93880618
  0.21790446        -0.35409564         0.90946907
  0.29400370        -0.37517157         0.87909514
  0.76313400        -0.31355885        -0.56507283
  0.72693223        -0.25299016        -0.63840866
  0.75559610        -0.16486514        -0.63395107
  0.81776392        -0.14383443        -0.55729151
  0.83606476        -0.19371885        -0.51329207
  0.80701739        -0.28589383        -0.51670855
 -0.85282087        -0.42357999         0.30541214
 -0.88053590        -0.36610797         0.30103406
 -0.92473090        -0.32618743         0.19614910
 -0.92294902        -0.35440543         0.15020642
 -0.88785994        -0.43929166         0.13684885
 -0.84531450        -0.48296875         0.22843923
 -0.80558211        -0.54843712         0.22417434
 -0.75702578        -0.58141822         0.29810202
 -0.75394243        -0.54279292         0.37006301
 -0.80183625        -0.45576635         0.38643971
  0.12666160         0.93374544         0.33477786
  0.07933621         0.96091044         0.26524881
 -0.02026733         0.95997304         0.27935815
 -0.04742932         0.92923915         0.36642191
  0.02212126         0.90265328         0.42979971
  0.09679332         0.90847731         0.40657106
 -0.26422298        -0.96362448         0.04017621
 -0.34164715        -0.93952024        -0.02406274
 -0.31456861        -0.94210583        -0.11611767
 -0.22671418        -0.96481246        -0.13318256
 -0.17857672        -0.98133522        -0.07135399
 -0.20257579        -0.97916394         0.01417224
 -0.87667227        -0.47606450         0.06934229
 -0.82947367        -0.55443436         0.06764605
 -0.79340154        -0.59104139         0.14554711
 -0.94814968        -0.23441792         0.21461704
 -0.97084069        -0.18216859         0.15582956
 -0.97557616        -0.20930515         0.06665188
 -0.95048219        -0.30687547         0.04910298
  0.15022269         0.28646144         0.94624150
  0.19655064         0.20727040         0.95833546
  0.28467059         0.20683350         0.93604624
  0.32482189         0.27445951         0.90507615
  0.27843988         0.35432208         0.89270771
  0.18354192         0.35464123         0.91681069
 -0.68236232        -0.69449776        -0.22815441
 -0.71887404        -0.67682379        -0.15852351
 -0.78829211        -0.59040618        -0.17325130
 -0.79694885        -0.55473679        -0.23903906
 -0.74433869        -0.58646905        -0.31939617
 -0.69980842        -0.64200270        -0.31321037
  0.43308297        -0.31358728         0.84504569
  0.45480308        -0.38985321         0.80073011
  0.52679354        -0.39567909         0.75228101
  0.58020800        -0.32348198         0.74747449
  0.56427699        -0.24815607         0.78740710
  0.49956256        -0.23790571         0.83296955
 -0.95628244        -0.04282334        -0.28929237
 -0.96285862         0.04456634        -0.26630282
 -0.94232410         0.10578532        -0.31754500
 -0.90952432         0.08591819        -0.40667388
 -0.90236020        -0.00335373        -0.43096963
 -0.92098969        -0.06092584        -0.38479367
 -0.35483021         0.00180292         0.93492901
 -0.27973035        -0.04840335         0.95885766
 -0.21630311        -0.02055086         0.97610998
 -0.19998644         0.08059614         0.97647816
 -0.25583184         0.13063456         0.95785421
 -0.33697039         0.10438953         0.93571031
  0.06281433        -0.98921037         0.13235232
  0.04317321        -0.99830890         0.03892770
  0.10681219        -0.99392891        -0.02638995
  0.15135430        -0.98807889        -0.02814228
  0.22046468        -0.97425973         0.04704627
  0.20522583        -0.97063804         0.12547559
  0.12095472        -0.97919989         0.16290350
  0.88800234        -0.17619132        -0.42474526
  0.89114183        -0.25737008        -0.37366655
  0.83837402        -0.33870420        -0.42709297
 -0.25664949         0.94874692        -0.18441911
 -0.21497810         0.97324926        -0.08105658
 -0.16311686         0.98413980        -0.06972631
 -0.08908968         0.98443693        -0.15148267
 -0.12759288         0.96321523        -0.23650894
 -0.21726424         0.94608319        -0.24025570
  0.71108174        -0.51435089         0.47938076
  0.67750078        -0.59506673         0.43230590
  0.71635967        -0.60806888         0.34217113
  0.76393861        -0.56463093         0.31239337
  0.79808825        -0.48772764         0.35380352
  0.78535461        -0.46432364         0.40941617
 -0.47135571         0.44443667        -0.76177412
 -0.40528360         0.48190376        -0.77686161
 -0.33170915         0.43900165        -0.83501303
 -0.36011803         0.34215325        -0.86789757
 -0.41103658         0.31656417        -0.85488951
 -0.49186096         0.37958708        -0.78357279
 -0.30514136         0.95193350         0.02667285
 -0.39215806         0.91672444         0.07634372
 -0.40232947         0.90502578         0.13805529
 -0.33302575         0.91985208         0.20728248
 -0.25781709         0.94794947         0.18687470
 -0.23162931         0.96759719         0.10051665
  0.13662766         0.42428729         0.89516097
  0.03440455         0.41868752         0.90747839
  0.00495140         0.34353977         0.93912500
  0.04780637         0.28018835         0.95875394
 -0.77135360         0.22089621         0.59684038
 -0.73445696         0.29465607         0.61135161
 -0.73963892         0.36560917         0.56503475
 -0.79723370         0.36309439         0.48226637
 -0.83997279         0.27910838         0.46534312
 -0.83376491         0.22447096         0.50442928
  0.54317915        -0.76553965        -0.34482679
  0.62570959        -0.71606499        -0.30941626
  0.64620101        -0.73277068        -0.21324030
  0.56094545        -0.80811203        -0.17970845
  0.51199949        -0.82442892        -0.24119177
  0.96223444        -0.27172416         0.01645689
  0.95988858        -0.26431066         0.09356173
  0.92976415        -0.33654922         0.14924258
  0.90213484        -0.41891828         0.10324824
  0.91344661        -0.40693513        -0.00436713
  0.93724889        -0.34740782        -0.02953641
 -0.99201840        -0.03454581         0.12126884
 -0.98705697         0.06286633         0.14753392
 -0.98835081         0.12164655         0.09145939
 -0.99444044         0.10526482         0.00274824
 -0.99959677         0.00927746        -0.02683707
 -0.99810529        -0.05138099         0.03384880
  0.29161742        -0.27779946        -0.91530693
  0.26041353        -0.36731040        -0.89289856
  0.16464442        -0.38083187        -0.90986776
  0.11859842        -0.33146369        -0.93598408
  0.15147726        -0.23216535        -0.96080893
  0.24486576        -0.21755312        -0.94483405
  0.93480915        -0.32491055        -0.14340544
  0.23306376         0.97106552         0.05208685
  0.26641870         0.95551169         0.12656428
  0.36508378         0.92236745         0.12630135
  0.40595108         0.91378558         0.01412716
  0.38116360         0.92436165        -0.01643021
  0.27296525         0.96188384        -0.01641130
  0.25458616        -0.58165610         0.77256852
  0.23874401        -0.51251733         0.82481956
  0.15786780        -0.49283364         0.85568255
  0.08646303        -0.54825854         0.83182734
  0.10028605        -0.62061632         0.77767479
  0.18236536        -0.63734132         0.74869156
 -0.24790937         0.91507447        -0.31808746
 -0.19651970         0.90011555        -0.38880837
 -0.22867899         0.85979778        -0.45656723
 -0.31347084         0.83122116        -0.45913765
 -0.36898151         0.85139990        -0.37278789
 -0.34732559         0.88066810        -0.32216251
 -0.45493433        -0.73825985         0.49800321
 -0.37380460        -0.80775666         0.45585003
 -0.30065879        -0.80295116         0.51465881
 -0.30868036        -0.74866962         0.58669436
 -0.41404387        -0.69788837         0.58439672
  0.31139666        -0.44660908         0.83879226
  0.14277326        -0.42023546         0.89611268
  0.63723898         0.75951439        -0.13063046
  0.70660019         0.70261121        -0.08398601
  0.74859333         0.65229660        -0.11881549
  0.73847252         0.64036936        -0.21115224
  0.67338949         0.69406176        -0.25460717
  0.62265843         0.75943959        -0.18854210
  0.86818540        -0.47772938         0.13427141
  0.85230798        -0.48835981         0.18728524
  0.78912246        -0.57294202         0.22141185
  0.76132333        -0.62533563         0.17129545
  0.77301258        -0.62679863         0.09785176
  0.83047491        -0.55449867         0.05331654
  0.98329258        -0.01312983         0.18155834
  0.99378633        -0.01888109         0.10969119
  0.99728811         0.04549959         0.05784737
  0.98529053         0.14155719         0.09572981
  0.96769673         0.13128389         0.21523850
  0.96783811         0.09565829         0.23267742
 -0.11236161        -0.98469478         0.13323340
 -0.03591377        -0.98123455         0.18944356
 -0.03518650        -0.96318096         0.26654136
 -0.12795484        -0.94221169         0.30962017
 -0.20295756        -0.94655699         0.25067523
 -0.20090730        -0.96101546         0.18996193
 -0.98794734        -0.15476535         0.00279128
 -0.98221821        -0.17084900        -0.07783301
 -0.96847636        -0.22532332        -0.10622097
 -0.94541639        -0.31901571        -0.06646021
 -0.94094998        -0.33831745        -0.01243120
 -0.19569129        -0.95733422        -0.21264063
 -0.10020048        -0.96877533        -0.22679095
 -0.04830720        -0.99133635        -0.12214280
 -0.07095372        -0.99362808        -0.08757158
  0.31248420         0.41998011         0.85203892
  0.40167266         0.41347456         0.81712782
  0.43252113         0.47413033         0.76689363
  0.38142958         0.54884613         0.74382758
  0.29549176         0.55574739         0.77706462
  0.26349223         0.49225238         0.82961398
  0.24040358         0.62187916         0.74530017
  0.15057644         0.62017250         0.76987845
  0.12035723         0.55417502         0.82365298
  0.16860758         0.49342653         0.85328877
  0.90775388        -0.11365614        -0.40381327
  0.88887048        -0.03584372        -0.45675436
  0.90029019         0.03924369        -0.43351755
  0.93701947         0.05576382        -0.34479687
  0.95678639        -0.01675864        -0.29030821
  0.94139344        -0.09757605        -0.32288915
  0.18077102         0.86027163         0.47671223
  0.26372731         0.87140912         0.41363528
  0.23473625         0.91815746         0.31919551
 -0.10440913        -0.43909645        -0.89235252
 -0.13632604        -0.51134753        -0.84849221
 -0.22641481        -0.51715297        -0.82540238
 -0.28080174        -0.44618067        -0.84974891
 -0.25415957        -0.37986407        -0.88944155
 -0.15614454        -0.37408522        -0.91415483
  0.62057459        -0.17492750         0.76438701
  0.66978770        -0.17948794         0.72053355
  0.72168672        -0.10687061         0.68392026
  0.70948464        -0.03315574         0.70394045
  0.64813447        -0.01032935         0.76145583
  0.59204525        -0.08797590         0.80108833
 -0.07248805        -0.85074478         0.52055621
 -0.06357452        -0.89811528         0.43514043
  0.02399897        -0.91442853         0.40403539
  0.08723038        -0.89231461         0.44290569
  0.07725613        -0.84177154         0.53427726
 -0.00663412        -0.82737994         0.56160343
  0.12045844        -0.25309777         0.95991206
  0.10410719        -0.18332070         0.97752506
  0.02045027        -0.14749037         0.98885202
 -0.05148788        -0.20864284         0.97663558
 -0.04385259        -0.28108507         0.95868045
  0.04535316        -0.31909224         0.94663787
  0.31500441        -0.88120568        -0.35248944
  0.27482852        -0.91912568        -0.28227171
  0.19180056        -0.93859792        -0.28678653
  0.14154367        -0.92046738        -0.36428726
 -0.46988070         0.85282904        -0.22780412
 -0.51515627         0.80467737        -0.29514116
 -0.56985748         0.77157825        -0.28271812
 -0.61870056         0.76604325        -0.17431960
 -0.58727205         0.80023795        -0.12137061
 -0.50476813         0.85196275        -0.13917106
  0.97881395         0.19506794         0.06222396
  0.98024607         0.19253767        -0.04524105
  0.96378994         0.25204664        -0.08707117
  0.94103956         0.33401975        -0.05362297
  0.93795294         0.34395349         0.04404882
  0.95535773         0.27953491         0.09566601
 -0.48960912        -0.25739557         0.83308494
 -0.48946372        -0.15822892         0.85754818
 -0.55433691        -0.11127564         0.82482016
 -0.61486125        -0.13738675         0.77657610
 -0.61266792        -0.24445446         0.75158501
 -0.55472028        -0.29000878         0.77985919
  0.55606997        -0.82369041        -0.11099651
  0.61303598        -0.78874016        -0.04556207
  0.60763407        -0.79383594         0.02460233
  0.52395725        -0.84887892         0.06980910
  0.47548074        -0.87935668         0.02549387
  0.47229096        -0.87849969        -0.07196930
  0.77653497         0.57711381        -0.25285015
  0.82958651         0.51818871        -0.20800641
  0.86030328         0.44665971        -0.24570994
  0.83844042         0.42903602        -0.33607411
  0.78409952         0.49044743        -0.38032803
  0.75532651         0.56023353        -0.34002972
 -0.15401828         0.87229604         0.46408841
 -0.24920031         0.83997500         0.48201784
 -0.25931793         0.79232657         0.55224341
 -0.19870205         0.76962328         0.60679281
 -0.10351967         0.80544925         0.58355397
 -0.08869760         0.84733909         0.52359259
 -0.25284132        -0.57512861        -0.77800918
 -0.19682096        -0.64164311        -0.74132025
 -0.23812051        -0.69958448        -0.67370629
 -0.31104288        -0.68725449        -0.65645528
 -0.36421406        -0.62407255        -0.69128972
 -0.34649011        -0.57481903        -0.74130130
  0.52272552         0.84540075         0.10979809
  0.48835894         0.85503048         0.17443778
  0.52476901         0.81009167         0.26147461
  0.60594064         0.75623769         0.24686131
  0.63601679         0.75263041         0.17038204
  0.60041881         0.79398984         0.09527443
  0.83615106        -0.05651521        -0.54557991
  0.80980873         0.00011295        -0.58669400
  0.81861198         0.08786478        -0.56758624
  0.87232411         0.10577913        -0.47734836
 -0.87715322         0.46388844        -0.12413619
 -0.91203994         0.40626144        -0.05598941
 -0.90558463         0.42351586         0.02347006
 -0.86524504         0.49869326         0.05153567
 -0.82680142         0.56216341        -0.01927870
 -0.83067203         0.54989523        -0.08717372
 -0.79710692         0.42223516         0.43166888
 -0.84260464         0.41516754         0.34300622
 -0.88620442         0.32850033         0.32669434
 -0.88613027         0.27480796         0.37316716
  0.20284554         0.65238196        -0.73024064
  0.23875153         0.72320157        -0.64805651
  0.32472551         0.70782906        -0.62732071
  0.36659181         0.63639742        -0.67868173
  0.29492623         0.59785080        -0.74538112
  0.40890589         0.26769957         0.87242931
  0.45082709         0.18267262         0.87371939
  0.52408212         0.16930039         0.83467078
  0.56617558         0.23846518         0.78903711
  0.52773726         0.32087266         0.78646934
  0.44697022         0.33372268         0.82996792
  0.99174464        -0.10711159         0.07049518
  0.97388715        -0.18286493         0.13455178
 -0.29104528        -0.90921247         0.29770011
 -0.36411801        -0.90143228         0.23417494
 -0.35455817        -0.92218381         0.15448472
 -0.28103885        -0.95170110         0.12362085
 -0.80335367        -0.59526038        -0.01696799
 -0.75779051        -0.65233916        -0.01439283
 -0.72138697        -0.69020903         0.05667665
 -0.73808241        -0.66066235         0.13696544
  0.23713171         0.96634501        -0.09972915
  0.16017649         0.98071611        -0.11197895
  0.10290296         0.99388009        -0.04016739
  0.14275014         0.98875529         0.04455707
  0.51012796         0.27573359        -0.81470269
  0.48239627         0.38000736        -0.78923273
  0.54787368         0.42282856        -0.72183818
  0.60971683         0.37921983        -0.69601560
  0.62564230         0.31376860        -0.71422762
  0.55638272         0.25479630        -0.79089642
  0.76666218        -0.23959345         0.59567106
  0.69465446        -0.27071667         0.66645908
  0.66481638        -0.32711145         0.67157817
  0.66902900        -0.37564692         0.64131862
  0.72526217        -0.39767435         0.56200534
  0.77521110        -0.34981877         0.52599871
  0.79061782        -0.27045435         0.54934305
 -0.91827649         0.18245900         0.35139298
 -0.90701151         0.12177611         0.40311372
 -0.86592251         0.13345703         0.48204508
  0.87914807        -0.47357231        -0.05317935
  0.87455839        -0.46102288        -0.15035148
  0.91588694        -0.35705712        -0.18347034
 -0.36541471        -0.91400558        -0.17625485
 -0.33368114        -0.90498638        -0.26392508
 -0.24503294        -0.92792845        -0.28090516
 -0.72709054        -0.21040465         0.65350538
 -0.72676009        -0.12732156         0.67498809
 -0.77328998        -0.06634024         0.63057238
 -0.82324070        -0.09245734         0.56011271
 -0.82889521        -0.16908726         0.53323740
 -0.77975702        -0.23991963         0.57828850
 -0.89622205        -0.44359720        -0.00274514
 -0.87091255        -0.48318395        -0.08969163
 -0.82600343        -0.55707467        -0.08594263
 -0.35601231         0.74462825         0.56460953
 -0.35068211         0.67641085         0.64768088
 -0.30383933         0.67025024         0.67708665
 -0.20505363         0.72641021         0.65595812
 -0.38891563         0.88932180        -0.24052307
 -0.46600896         0.79864669        -0.38078740
 -0.84632200         0.51490098         0.13644020
 -0.80025983         0.57887495         0.15648614
 -0.76432461         0.63854706         0.08980905
 -0.77323318         0.63370198         0.02307015
 -0.68971008         0.43509939         0.57878196
 -0.68980134         0.50470883         0.51907909
 -0.74318862         0.50092489         0.44355938
  0.01884746         0.54869205         0.83581209
 -0.01000844         0.47518560         0.87982869
  0.99159527         0.10099115        -0.08086791
  0.98052919         0.09183816        -0.17357504
  0.96280211         0.15344769        -0.22240943
  0.95191139         0.24198373        -0.18790588
  0.86009789        -0.42910886         0.27585727
  0.55801105         0.79888070        -0.22452894
  0.48769289         0.85971165        -0.15182731
  0.52954954         0.84607989        -0.06104254
  0.58470929         0.80956763        -0.05210964
  0.17307115        -0.89547014         0.41009700
  0.23470926        -0.86443758         0.44458866
  0.22140814        -0.81378013         0.53734565
  0.14321707        -0.80968165         0.56912607
  0.78754944         0.14031096        -0.60006559
  0.78657645         0.23032288        -0.57293010
  0.83384818         0.25177869        -0.49122769
  0.87340319         0.18909170        -0.44878852
  0.66709298        -0.65490592        -0.35508460
  0.65049607        -0.63736743        -0.41305876
  0.69731373        -0.54188889        -0.46915892
  0.73631644        -0.50638509        -0.44878975
  0.77358824        -0.53643763        -0.33733636
  0.73473948        -0.60661918        -0.30359697
  0.68906504        -0.71908635        -0.09002265
  0.73463088        -0.67732501        -0.03934861
  0.73090583        -0.68133324         0.03951710
  0.65806919        -0.74805194         0.08580983
 -0.06773806        -0.56593239         0.82166421
 -0.00188894        -0.52124006         0.85340804
 -0.01316279        -0.44691107         0.89448154
 -0.10527324        -0.40971220         0.90612006
 -0.16996674        -0.45417735         0.87454808
 -0.16206719        -0.52995098         0.83239782
 -0.57751006        -0.79283929        -0.19464847
 -0.60885441        -0.75640500        -0.23905616
 -0.56894737        -0.74383307        -0.35072950
 -0.51806051        -0.77005047        -0.37233803
 -0.46219894        -0.83341533        -0.30297047
 -0.49525729        -0.84133822        -0.21649516
  0.05852924        -0.85821265        -0.50994647
 -0.00091853        -0.81210136        -0.58351564
  0.08055958        -0.75118166        -0.65516120
  0.11784065        -0.75176096        -0.64882129
  0.32945707        -0.59253323         0.73509347
  0.34492871        -0.65511358         0.67219824
  0.41559440        -0.65648943         0.62952590
  0.48370185        -0.58817565         0.64813733
  0.47745457        -0.53515625         0.69688225
  0.40188989        -0.52523720         0.75007361
  0.94591659         0.21293105         0.24474926
  0.93950737         0.28805509         0.18533833
  0.90085375         0.37360954         0.22108446
  0.87967986         0.37475321         0.29278550
  0.88208222         0.31375855         0.35140643
  0.91372478         0.22988954         0.33504888
  0.35589159         0.81558222         0.45625299
  0.31503743         0.77686077         0.54519600
  0.37409621         0.71345115         0.59248573
  0.46912196         0.70091426         0.53725594
  0.46771106         0.75372577         0.46167505
 -0.98649025        -0.08264776        -0.14144392
 -0.96547610        -0.10271842        -0.23938429
 -0.94728613        -0.18968828        -0.25820023
 -0.94665968        -0.23575950        -0.21966535
  0.94079471         0.05859810         0.33387384
  0.94493657        -0.05779279         0.32211000
  0.96759033        -0.07728164         0.24040918
  0.54242331        -0.46273443         0.70118022
  0.60232216        -0.46338791         0.64998430
  0.06246649        -0.92888045        -0.36507389
  0.01024873        -0.89770383        -0.44048014
  0.29771444        -0.41051331        -0.86188453
  0.40148261        -0.39025763        -0.82855940
  0.43433511        -0.45389193        -0.77803284
  0.40479693        -0.50627351        -0.76146340
  0.29717320        -0.53177899        -0.79303169
  0.26838169        -0.50538588        -0.82009530
 -0.69336861        -0.69095361         0.20450698
 -0.69840652        -0.65818465         0.28110743
 -0.86845094         0.45451421         0.19801491
 -0.83507812         0.46718428         0.29048806
 -0.78018260         0.54815233         0.30140373
 -0.76720989         0.59314603         0.24406305
  0.31557679        -0.85614109         0.40918675
  0.37567845        -0.81255037         0.44567648
  0.35931113        -0.76669759         0.53204346
  0.29008487        -0.77015257         0.56808084
 -0.57047081         0.28310692        -0.77098221
 -0.51408029         0.21491867        -0.83038026
 -0.54953158         0.12464800        -0.82612222
 -0.63288933         0.12990001        -0.76326740
 -0.64543521         0.21954170        -0.73158377
 -0.71090883        -0.69430602        -0.11201704
  0.90456682         0.16811368         0.39178640
  0.91979486         0.08746476         0.38252762
  0.18127413        -0.93365473         0.30891523
  0.26522174        -0.92480421         0.27275342
  0.32986405        -0.88825798         0.31966791
 -0.74858469        -0.53426301        -0.39266267
 -0.69570899        -0.55008966        -0.46194208
 -0.62368482        -0.63771611        -0.45203471
 -0.63002378        -0.67137790        -0.39028412
  0.43107429        -0.57323343        -0.69683456
  0.35866350        -0.63680345        -0.68252605
  0.28146988        -0.61192125        -0.73913944
  0.18123230        -0.10797213         0.97749519
  0.14190891        -0.02145947         0.98964709
  0.08451132        -0.01217435         0.99634814
  0.01019927        -0.08431417         0.99638700
 -0.60884219         0.79263467        -0.03227190
 -0.66119784         0.75020057        -0.00404584
 -0.66538990         0.73574293         0.12624812
 -0.61367935         0.77495557         0.15113385
 -0.54519093         0.83230495         0.10017643
 -0.54037488         0.84069526         0.03502154
  0.62381166         0.78086007         0.03341540
  0.70134753         0.71270621         0.01270578
  0.43045479        -0.70839846         0.55935705
  0.48956868        -0.70157325         0.51780057
  0.56921083        -0.61837989         0.54185361
  0.56917590        -0.59201628         0.57057476
 -0.12667449        -0.29756793        -0.94625938
 -0.02412917        -0.28841963        -0.95720005
  0.02241969        -0.34194645        -0.93945199
 -0.01094327        -0.43095461        -0.90230727
  0.50698835        -0.74074119         0.44075531
  0.58432204        -0.70855218         0.39562806
  0.62925291        -0.63168889         0.45278034
  0.52870768        -0.42974019        -0.73197788
  0.55089962        -0.49419734        -0.67251658
  0.49258694        -0.57110244        -0.65665823
  0.66588873         0.42175320        -0.61539936
  0.72766107         0.36660936        -0.57974726
  0.73861283         0.28649387        -0.61022317
  0.68492454         0.25964463        -0.68078119
 -0.91639268        -0.32562488        -0.23279363
 -0.91122174        -0.37816012        -0.16330864
 -0.90913421         0.37686810         0.17732835
 -0.92823964         0.36160153         0.08726674
 -0.95950758         0.27511722         0.06046216
 -0.96935308         0.21533300         0.11826411
 -0.95045555         0.22997811         0.20915127
 -0.91915315         0.31804284         0.23239236
 -0.86282068        -0.01815488         0.50518399
 -0.90004140        -0.03554058         0.43435296
 -0.90637499        -0.11891595         0.40539286
 -0.86707300        -0.18748847         0.46155447
 -0.98025727        -0.09016509         0.17597166
 -0.96086770        -0.06700161         0.26878253
 -0.95569497         0.01439159         0.29400688
 -0.96802056         0.07956488         0.23791921
 -0.44843230        -0.88001227        -0.15648274
 -0.47541001        -0.87741244        -0.06428561
 -0.52933735        -0.84738809        -0.04165841
 -0.60029864        -0.79368937        -0.09848192
 -0.45525572        -0.08788970        -0.88601226
 -0.40984988        -0.00292796        -0.91214824
 -0.34016114        -0.00566796        -0.94035000
 -0.29037258        -0.09211420        -0.95246983
 -0.32206756        -0.16056848        -0.93300062
 -0.41321853        -0.16354175        -0.89582616
 -0.54449522         0.00163127         0.83876234
 -0.60180968         0.04347367         0.79745537
 -0.66355312         0.01583034         0.74796158
 -0.66366172        -0.09636471         0.74179983
 -0.85525334        -0.01947292        -0.51784408
 -0.83590591        -0.11167557        -0.53739172
 -0.85325485        -0.16660172        -0.49416602
 -0.90231901        -0.15316831        -0.40293902
 -0.65525883        -0.75422245         0.04224172
 -0.61815649        -0.78178310         0.08183934
 -0.62378329        -0.75908285         0.18624601
  0.41062978         0.60519171         0.68200153
  0.35563180         0.67248040         0.64907324
  0.26728371         0.67672998         0.68599999
  0.42481607         0.61037767        -0.66855848
  0.48388916         0.64462304        -0.59187198
  0.54742366         0.61134279        -0.57147825
  0.57974106         0.53711337        -0.61270684
  0.52291101         0.50002652        -0.69031703
  0.45691410         0.53682178        -0.70926154
  0.56067991         0.38418221         0.73351353
  0.63491583         0.36588311         0.68044943
  0.66124684         0.42149863         0.62055737
  0.61675507         0.50300980         0.60547042
  0.54058141         0.52007520         0.66128176
  0.51582110         0.46210188         0.72138095
  0.65337092        -0.12865309        -0.74602604
  0.62623328        -0.20179930        -0.75306636
  0.55129868        -0.22609404        -0.80308855
  0.50641078        -0.15604731        -0.84805506
  0.53345203        -0.07095543        -0.84284890
  0.61156714        -0.05159033        -0.78950882
  0.38821584        -0.78517085        -0.48248869
  0.42706898        -0.81470567        -0.39225850
  0.39460498        -0.85091150        -0.34675139
 -0.68981063         0.23826425        -0.68366027
 -0.74712348         0.17603694        -0.64095044
 -0.79158419         0.19398747        -0.57945096
 -0.79115337         0.28020513        -0.54365569
 -0.73013258         0.34465596        -0.59001577
 -0.69028002         0.32801986        -0.64491588
 -0.01673160         0.99012971        -0.13915201
  0.04793131         0.97668022        -0.20928030
  0.01043335         0.95533913        -0.29532731
 -0.07415102         0.94963121        -0.30447015
 -0.40320078        -0.91511065        -0.00130595
  0.88286173        -0.37369281         0.28444475
  0.91590178        -0.32448947         0.23628496
  0.93669677        -0.22653179         0.26698768
  0.91403991        -0.20380254         0.35070714
  0.87852454        -0.25240105         0.40557173
  0.86043459        -0.32789838         0.39004472
 -0.76404095         0.00907052         0.64510399
 -0.80124944         0.07711549         0.59334010
 -0.84297872         0.06741647         0.53370589
  0.03645771         0.07644856         0.99640673
 -0.06226698         0.05851009         0.99634302
 -0.07593831        -0.03842185         0.99637198
  0.45601705        -0.79263425         0.40469658
 -0.88385469        -0.44033605        -0.15781331
 -0.84004802        -0.48290628        -0.24722624
  0.29438573         0.94072127        -0.16846518
  0.27449584         0.93110043        -0.24021669
  0.18475248         0.94625217        -0.26546824
  0.12307272         0.97288328        -0.19583453
 -0.72190922         0.43897837        -0.53492540
 -0.66048801         0.49103051        -0.56801820
 -0.60495192         0.44733825        -0.65872729
 -0.62255967         0.38604075        -0.68072897
 -0.54920834        -0.83336902         0.06217915
 -0.64225101        -0.76302063        -0.07289079
 -0.40570235         0.75083971         0.52119607
 -0.49025738         0.69431341         0.52685523
 -0.49906641         0.63936716         0.58492935
 -0.43078589         0.62237871         0.65350461
 -0.43070370        -0.65815741         0.61751366
 -0.35927525        -0.62238252         0.69538563
 -0.37504315        -0.55693787         0.74105519
 -0.45994389        -0.50971448         0.72707814
 -0.50721395        -0.53240317         0.67770272
 -0.49231309        -0.61552584         0.61543131
 -0.10977250         0.91726989        -0.38283923
  0.84978116        -0.21665613         0.48055404
  0.85807985        -0.12005270         0.49928585
  0.81422168        -0.09201621         0.57321560
  0.77800608        -0.13265550         0.61409205
  0.65149224         0.68456566        -0.32699805
  0.69151121         0.61416006        -0.38028890
  0.65883946         0.59480292        -0.46058655
  0.59325582         0.63788867        -0.49106580
  0.55142969         0.70928764        -0.43913120
  0.58328265         0.72681016        -0.36266857
 -0.56010610         0.32966197        -0.76000267
  0.61685288        -0.52626908         0.58526349
  0.69705200        -0.49593830         0.51784521
  0.31503123         0.79950362        -0.51141882
  0.22546881         0.81556696        -0.53292984
  0.17567985         0.85747296        -0.48360813
  0.20870702         0.89126599        -0.40259948
  0.29717824         0.87500644        -0.38216352
  0.34748799         0.82827795        -0.43955410
  0.27867952        -0.94213063         0.18635349
  0.36868802        -0.91841978         0.14343730
  0.42720103        -0.88199806         0.19894379
  0.41610315        -0.86576712         0.27803862
  0.90952891         0.20652190        -0.36070201
  0.93939126         0.14017774        -0.31288064
 -0.65680093        -0.37037113        -0.65683925
 -0.63708425        -0.30110374        -0.70954925
 -0.55647713        -0.30977687        -0.77095491
 -0.51530325        -0.37405026        -0.77107000
 -0.74633616         0.52597433        -0.40783978
 -0.81603289         0.47638223        -0.32733822
 -0.82364172         0.50163347        -0.26453379
 -0.78580314         0.57209116        -0.23500019
 -0.72112370         0.62615806        -0.29649064
 -0.72079200         0.56306833        -0.40424365
 -0.82693398         0.30036873        -0.47535124
 -0.81801611         0.36973211        -0.44062212
 -0.75215930         0.44512773        -0.48591956
 -0.56484842        -0.61822766         0.54657197
 -0.57043171        -0.65647644         0.49360543
 -0.50596350        -0.72427547         0.46842921
  0.63351727        -0.48057196        -0.60638803
  0.63556731        -0.53799218        -0.55373150
  0.56861556        -0.61145699        -0.55026972
  0.50924975        -0.61603361        -0.60097200
 -0.69739234         0.04427990         0.71532029
 -0.69889313         0.15003119         0.69931322
 -0.76340032         0.17244191         0.62248200
  0.88572234         0.02824507         0.46335530
  0.89140815        -0.07348358         0.44720417
  0.92362100        -0.09719703         0.37077886
  0.05793587        -0.39138737         0.91840041
 -0.98439527         0.16668089        -0.05642252
 -0.97828245         0.14875022        -0.14434956
 -0.98280162         0.06432456        -0.17309920
 -0.99353081        -0.00828636        -0.11326063
  0.19740991        -0.70102340        -0.68527043
  0.29271469        -0.73127073        -0.61608535
 -0.64075798        -0.63947839         0.42484888
 -0.64083612        -0.68353379         0.34944344
 -0.57504940        -0.74815780         0.33102602
 -0.52503467        -0.76538336         0.37219208
  0.92346352         0.30442014        -0.23354556
  0.90194416         0.38356420        -0.19843201
  0.91215104         0.39692920        -0.10211661
 -0.67528188        -0.22403519        -0.70271081
 -0.64922017        -0.15595229        -0.74444073
 -0.56917626        -0.16457461        -0.80557650
 -0.53214765        -0.23339342        -0.81384659
 -0.44333160        -0.23673558        -0.86453080
 -0.53581554        -0.08189014        -0.84035456
 -0.78877491         0.59605187        -0.15018751
 -0.72379380         0.67948109        -0.12011676
 -0.68383265         0.70836067        -0.17492306
 -0.69569063         0.65874815        -0.28647080
  0.91522127        -0.26458430        -0.30391645
  0.90370256        -0.34356612        -0.25550726
  0.84825081        -0.42096475        -0.32133973
  0.82787186        -0.37990743        -0.41267243
  0.37744030        -0.92336583         0.07024512
  0.32104459        -0.94702375         0.00874420
  0.32976517        -0.94235212        -0.05681108
  0.43209651        -0.89607632        -0.10168442
 -0.37922782         0.55987006        -0.73670334
 -0.42761961         0.59757024        -0.67827076
 -0.40056962         0.66343170        -0.63198292
 -0.31372476         0.69667274        -0.64515412
 -0.26226780         0.65826100        -0.70562595
 -0.29020885         0.59073985        -0.75286466
 -0.23460603         0.22411498         0.94590294
 -0.27788645         0.27394661         0.92072386
 -0.37641034         0.25178045         0.89158392
 -0.39986861         0.15785944         0.90287626
 -0.66669005         0.59370691        -0.45059586
 -0.63279581         0.55535269        -0.53958577
 -0.41415921        -0.30753571         0.85667604
 -0.41061524        -0.39692879         0.82087928
 -0.32497030        -0.44606733         0.83391732
 -0.26353148        -0.40917438         0.87357169
  0.99873358         0.03874797        -0.03209056
  0.97806484        -0.00504800        -0.20823985
  0.15565677         0.92596692        -0.34402931
  0.06714513         0.93034208        -0.36049309
  0.20360371        -0.65231085        -0.73009324
  0.35641864        -0.69035631        -0.62958241
  0.71816623         0.12354062        -0.68481749
  0.68605882         0.17151585        -0.70704001
  0.12985566        -0.74801350         0.65085584
  0.04493368        -0.73356891         0.67812812
 -0.01771925        -0.76611179         0.64246291
  0.11136755         0.77075517        -0.62732261
  0.07263462         0.71619767        -0.69410747
  0.00249023         0.70746058        -0.70674843
 -0.06604738         0.75318611        -0.65448332
 -0.02831673         0.81146264        -0.58371782
  0.05237939         0.81727839        -0.57385755
  0.82406074         0.33263323        -0.45856199
  0.85825926         0.35327035        -0.37227827
  0.89985090         0.28896630        -0.32675195
 -0.45308203         0.88878375        -0.06913957
 -0.37757364         0.92086941        -0.09714744
 -0.34746760         0.92126834        -0.17473109
  0.17459641         0.83851552         0.51614702
  0.07307290         0.82436377         0.56132406
  0.05846715         0.78537810         0.61624891
  0.12300833         0.73640841         0.66526055
  0.20477286         0.73743045         0.64363378
  0.23736174         0.78789181         0.56823057
 -0.11682299        -0.92230844        -0.36837420
 -0.06455113        -0.95658588        -0.28421217
 -0.20868689        -0.90978861        -0.35879576
  0.51792312        -0.84178239         0.15217729
  0.56773716        -0.79778725         0.20300262
  0.55449659        -0.78437161         0.27801895
  0.47045553        -0.82081902         0.32392547
 -0.69535673        -0.57083112         0.43661284
  0.44147167         0.71582621        -0.54101336
  0.47865146         0.74279100        -0.46813923
  0.41118881        -0.88894200        -0.20175704
  0.44189560        -0.86329591        -0.24382046
  0.27562028        -0.13655326        -0.95151812
  0.37327683        -0.11658159        -0.92036575
  0.41798308        -0.17764270        -0.89091706
  0.39026487        -0.25768092        -0.88390827
 -0.39653847        -0.50913644        -0.76389611
 -0.37620917        -0.44759732        -0.81124800
 -0.83642274         0.13009420        -0.53242141
 -0.87745500         0.14931642        -0.45582590
 -0.87474126         0.23147658        -0.42573035
 -0.94965959         0.16971686         0.26333004
  0.63308865         0.01650947        -0.77390331
  0.70876342         0.03900646        -0.70436704
  0.74399740        -0.02116308        -0.66784734
  0.72557992        -0.10636424        -0.67986798
 -0.08847500         0.84753710        -0.52330971
 -0.05313348         0.89166296        -0.44957083
  0.03339072         0.89782327        -0.43908823
  0.08889981         0.86232328        -0.49849328
  0.19112147         0.76728350        -0.61216712
  0.68862683         0.52285486        -0.50241005
  0.64448416         0.49240968        -0.58495539
 -0.88346982        -0.34925336        -0.31225494
 -0.87913889        -0.29722983        -0.37251750
 -0.83442289        -0.31500024        -0.45223153
 -0.79316574        -0.40037990        -0.45889434
 -0.79857242        -0.45692927        -0.39178768
 -0.84308881        -0.43440518        -0.31700686
 -0.59146333        -0.47975546         0.64807856
 -0.63360518        -0.52664417         0.56673664
  0.43013492         0.80249250        -0.41350892
  0.46156603         0.82319063        -0.33062658
  0.53094620         0.79165435        -0.30229050
  0.12132537        -0.95411223         0.27377015
  0.02948969        -0.95003533         0.31074610
  0.30404240         0.53836483        -0.78595263
  0.24953097         0.50219434        -0.82797045
  0.17433219         0.52241844        -0.83467793
  0.13164623         0.60807967        -0.78288460
  0.15511432         0.64519417        -0.74810690
 -0.82220143        -0.25854096        -0.50709116
 -0.76457477        -0.27275726        -0.58397686
 -0.72409111        -0.35753536        -0.58979696
 -0.73816359        -0.41702145        -0.53029019
  0.72653741         0.39676145         0.56100249
  0.76364309         0.31566507         0.56320930
  0.82503074         0.29240975         0.48355025
  0.83560944         0.33079782         0.43855396
  0.79142833         0.43369892         0.43075103
  0.74686825         0.46001720         0.48017916
 -0.14327043        -0.16258258         0.97623789
 -0.13643105        -0.06936359         0.98821819
 -0.16066797         0.14416671        -0.97642291
 -0.16681714         0.19860770        -0.96577793
 -0.09958786         0.26395389        -0.95938033
  0.00301613         0.21675557        -0.97622120
 -0.00274981         0.12777779        -0.99179900
 -0.05712038         0.09429838        -0.99390399
  0.34212282         0.83719778         0.42667523
  0.39899150         0.85512358         0.33101264
  0.36351791         0.89239043         0.26738358
  0.26132366         0.92444026         0.27770531
 -0.44234750         0.23624374        -0.86516911
 -0.93429881        -0.14079539         0.32750925
 -0.93098450        -0.20543866         0.30176625
 -0.88501847        -0.29247645         0.36221519
 -0.86236471        -0.28487688         0.41853583
 -0.57826871        -0.78221148         0.23184165
 -0.10929168        -0.74157745         0.66190505
 -0.16561222        -0.76572740         0.62147737
 -0.15555537        -0.82511479         0.54312813
 -0.50342494        -0.83825952         0.20948587
 -0.44365770        -0.85601532         0.26534069
 -0.44459653        -0.82730597         0.34336391
 -0.11959551        -0.67372793         0.72923768
 -0.21229701        -0.63809216         0.74011379
 -0.27209932        -0.66706985         0.69352704
 -0.26157725        -0.73012954         0.63125914
  0.55744934         0.08625153         0.82571834
  0.62503791         0.06772049         0.77765119
  0.66844672         0.13892309         0.73067057
  0.64045900         0.21986718         0.73584700
 -0.10428289         0.32777482        -0.93898278
 -0.03176340         0.38180661        -0.92369628
  0.05133968         0.35482320        -0.93352276
  0.06431900         0.25863555        -0.96383125
  0.66709936        -0.27950928        -0.69054550
  0.63699150        -0.34249514        -0.69060761
  0.55947357        -0.37208882        -0.74063432
  0.52133727        -0.29732633        -0.79987776
 -0.46607521         0.13024122         0.87510633
 -0.48812300         0.02594094         0.87238932
 -0.41722456        -0.02517607         0.90845466
 -0.30302751        -0.30759946        -0.90197390
 -0.27494499        -0.23793547        -0.93155348
 -0.17424837        -0.23012844        -0.95743328
  0.22946964         0.95402151         0.19283812
  0.40151146         0.89710611         0.18436158
 -0.87386638         0.44574684        -0.19408058
 -0.46869543         0.88333249        -0.00695937
 -0.62348199         0.63790882         0.45204270
 -0.55093127         0.70107621         0.45273268
 -0.53679007         0.74602556         0.39408413
 -0.59413314         0.74523216         0.30271235
 -0.66088897         0.68607575         0.30418059
 -0.67163342         0.62991518         0.39001963
 -0.45916110        -0.61877698        -0.63740575
 -0.44998094        -0.68989462        -0.56706488
 -0.50248057        -0.70053589        -0.50671762
 -0.57792270        -0.64414006        -0.50108767
  0.75859910        -0.45307609        -0.46824080
  0.72780538        -0.39498436        -0.56061274
  0.70733637         0.52219999         0.47642669
  0.63218838         0.54388195         0.55184269
  0.58029163         0.10917156        -0.80705833
  0.59695119         0.15765065        -0.78663564
 -0.73678321         0.55710971         0.38311777
  0.01540873        -0.95633364        -0.29187095
  0.07937253        -0.97599995        -0.20279062
  0.03508429        -0.99020767        -0.13512193
 -0.91066772        -0.20288980        -0.35988891
 -0.34351152         0.78549683        -0.51477641
 -0.41381472         0.75258732        -0.51222032
 -0.47808066         0.76923001        -0.42393872
 -0.37786877        -0.83442420         0.40118757
 -0.54367310        -0.37599805         0.75036329
 -0.46989089        -0.42733261         0.77239203
  0.24318874        -0.12186535         0.96229315
  0.31476638        -0.04463967         0.94811887
  0.27287239         0.04488494         0.96100259
  0.20683858         0.05252870         0.97696394
  0.83842033        -0.54475403        -0.01715736
 -0.22183955        -0.56630027         0.79378283
 -0.05702334        -0.63914734         0.76696736
  0.90003413         0.42888471         0.07743686
  0.88617760         0.43152222         0.16875355
 -0.68704134        -0.49781552        -0.52929568
 -0.35808319        -0.73840410        -0.57143325
 -0.42835164        -0.12930690         0.89431238
  0.64805692        -0.74517596         0.15727352
  0.69076186        -0.69089258         0.21334355
  0.67205650        -0.68134046         0.29002619
  0.60429931        -0.72439921         0.33176520
 -0.79343104        -0.42214099         0.43847924
 -0.82143563        -0.33452684         0.46188241
 -0.30478024         0.85148120         0.42671871
 -0.40098009         0.80262256         0.44160166
 -0.29485905         0.88805419         0.35272914
 -0.35134482         0.88946837         0.29223758
 -0.44063172         0.84420496         0.30522376
 -0.45212030         0.80382615         0.38658857
 -0.64899957         0.29786000         0.70005643
 -0.62405032         0.33024886         0.70816451
 -0.63014448         0.43504226         0.64316106
  0.82497197        -0.48189491        -0.29529393
  0.84014589        -0.50543100        -0.19670865
  0.79135156        -0.58861130        -0.16522579
  0.74760681        -0.62849855        -0.21464780
  0.52550417        -0.76432520        -0.37370083
  0.51594150         0.65151542         0.55617625
  0.57654321         0.62949163         0.52090144
  0.61160994         0.66226691         0.43282306
  0.59418005         0.69943851         0.39715961
  0.51056182         0.75708228         0.40761867
 -0.11245259        -0.33340076         0.93605465
 -0.41692895         0.30027086         0.85790896
 -0.51134109         0.27605963         0.81383127
 -0.54106706         0.19093829         0.81901711
 -0.11567859         0.46216571         0.87921631
 -0.14238304         0.37732804         0.91506863
 -0.10556147         0.33233055         0.93723696
  0.75186443         0.46772969        -0.46468133
  0.27400428        -0.71111637         0.64748371
 -0.38662580         0.39447621         0.83361202
 -0.41733545         0.43167624         0.79967916
 -0.50089413         0.41961157         0.75698823
 -0.54827899         0.34277853         0.76281905
  0.38880244        -0.46144700         0.79743302
 -0.25082797        -0.87253958        -0.41923738
 -0.20521653        -0.83875221        -0.50436181
 -0.11892348        -0.85492289        -0.50493956
 -0.07260703        -0.89595419        -0.43817151
  0.73727512         0.11348213         0.66599345
  0.76886672         0.17734194         0.61432385
  0.74263936         0.25896338         0.61759591
  0.67193377         0.28127635         0.68511939
 -0.11287361        -0.99044240         0.07926819
 -0.03300308         0.63503414        -0.77177876
  0.02057696         0.59238738        -0.80539042
  0.00773680         0.51240158        -0.85871112
 -0.04911687         0.48097771        -0.87535596
 -0.10467737         0.49350592        -0.86342025
 -0.14695138         0.56986916        -0.80848891
 -0.11217611         0.62194419        -0.77498513
  0.13939132         0.23138410        -0.96282470
  0.16245846         0.11667795        -0.97979259
  0.09208210         0.07794197        -0.99269629
  0.02069103         0.99861646        -0.04834263
 -0.19680102         0.42324507        -0.88438278
 -0.27358821         0.46473831        -0.84212095
 -0.24599567         0.55161482        -0.79699892
  0.96328813        -0.16841732         0.20907293
 -0.92528665         0.03261407         0.37786368
 -0.14700966        -0.15729523        -0.97654819
 -0.03975934        -0.14274715        -0.98896033
  0.00405397        -0.19272822        -0.98124379
 -0.17317440         0.68302280        -0.70957059
 -0.13868928         0.73845285        -0.65988839
  0.27014804        -0.95431626        -0.12767330
  0.31333920        -0.92511761        -0.21441996
 -0.53682822         0.49519369        -0.68308032
  0.19765975        -0.70481193         0.68130076
 -0.59609991         0.68552077        -0.41800255
 -0.56498194         0.69719523        -0.44126451
 -0.52742201         0.65277779        -0.54378963
 -0.55712438         0.60065234        -0.57343632
  0.79332179        -0.60355061        -0.07979511
  0.41367182         0.41454953        -0.81057042
  0.39394110         0.49385142        -0.77519107
 -0.02051883        -0.04863110        -0.99860609
  0.08002896        -0.02374759        -0.99650961
  0.13303474        -0.07216135        -0.98848087
  0.10328995        -0.18071876        -0.97809607
 -0.08021063         0.97411948         0.21132359
 -0.18603627         0.94818985         0.25753957
 -0.19562244         0.92453879         0.32704717
 -0.13588871         0.91277599         0.38519377
  0.84000707         0.53072345        -0.11278658
  0.87841505         0.47312143        -0.06740340
  0.20693091         0.10094624        -0.97313386
  0.30325559         0.16932726        -0.93774426
  0.37255922         0.11555295        -0.92078620
  0.36046869         0.02009479        -0.93255478
  0.24998307         0.00676322        -0.96822655
  0.51119870         0.09068464        -0.85466492
  0.44973698         0.14737839        -0.88091785
  0.45226848         0.23867685        -0.85935241
  0.11739192         0.40208036        -0.90804762
  0.20431811         0.36276779        -0.90920496
  0.21520440         0.28118610        -0.93521202
 -0.29202127        -0.88650137         0.35894138
 -0.21719876        -0.88175642         0.41872445
 -0.22396520        -0.84016883         0.49391884
 -0.31596896        -0.52217859         0.79214466
 -0.39140740         0.16620483        -0.90508348
 -0.44960752         0.06778414        -0.89065051
 -0.52524430         0.07458355        -0.84767669
 -0.51312900         0.55520189        -0.65456057
  0.03242509        -0.66465193         0.74644929
 -0.05630748        -0.80832523        -0.58603740
 -0.07481731        -0.57715601        -0.81319946
 -0.11484487        -0.64397973        -0.75637347
  0.41164663        -0.14283998         0.90007985
  0.37680703        -0.05582741         0.92460787
 -0.10824771         0.10372576         0.98869783
 -0.08862531         0.19587348         0.97661614
 -0.12904383         0.24331005         0.96132612
 -0.28918055         0.41121468         0.86445194
 -0.25511789         0.48861155         0.83437020
 -0.31004858         0.55278933         0.77349454
 -0.37477893         0.53192025         0.75934285
  0.70286417         0.58183348         0.40920854
  0.73452806         0.58382410         0.34585837
  0.71482301         0.63900965         0.28406796
  0.63351810         0.71081972         0.30559781
  0.53656948        -0.07743050         0.84029627
  0.47293022        -0.15481156         0.86739278
 -0.23641753        -0.80325037        -0.54671341
 -0.18938099        -0.75186259        -0.63153583
 -0.10730284        -0.76107085        -0.63973230
  0.77120543         0.39368877        -0.50025129
 -0.48183545        -0.75838178        -0.43896663
 -0.37919581        -0.80492073        -0.45641348
 -0.34773993        -0.84444988        -0.40740818
 -0.38291147        -0.86447847        -0.32566214
 -0.42361829        -0.90109617         0.09259201
  0.48607656         0.81146246         0.32443535
 -0.44525883         0.69317991        -0.56678581
 -0.28253850         0.75588411        -0.59060234
 -0.25061071         0.36189365         0.89790159
  0.75422037         0.03659699         0.65560079
  0.81066591         0.00631002         0.58547497
  0.84622228         0.05899755         0.52955371
  0.83105314         0.14883289         0.53590995
 -0.84617752         0.39236158        -0.36060518
 -0.27529609         0.29666573        -0.91444051
 -0.26960355         0.24310532        -0.93177986
 -0.33583117         0.16598892        -0.92718124
  0.13485268        -0.61502844        -0.77688789
  0.17376783        -0.51938009        -0.83668929
 -0.71566492        -0.45804068         0.52727824
 -0.71528041        -0.37710103         0.58836108
 -0.77580690        -0.30285275         0.55353755
 -0.74498880        -0.21286371        -0.63220310
 -0.71951097         0.69301391        -0.04511678
  0.35335594         0.37298498        -0.85791707
  0.27247697         0.40860176        -0.87109178
  0.01925051         0.21035305         0.97743595
  0.50239527         0.00986228         0.86458182
  0.82721937         0.52386194         0.20316705
  0.80532342         0.50118560         0.31664994
  0.81476629         0.47381294         0.33415151
  0.10795010         0.47085047        -0.87558359
  0.39642057        -0.02557516        -0.91771269
  0.22026314        -0.05691099        -0.97377890
  0.14363068        -0.96747613        -0.20823130
  0.66858965        -0.42562935        -0.60977656
 -0.68350452        -0.50622654         0.52588624
  0.29557070         0.23668034        -0.92553782
  0.44047830         0.02117901         0.89751339
  0.85146320         0.19988689         0.48482537
  0.81064451         0.55873549         0.17512901
  0.82227558         0.56546134         0.06415951
  0.79738498         0.60269284         0.03063486
  0.73266596         0.67818010         0.05720428
  0.71497989         0.68323535         0.14830145
  0.74224192         0.63888252         0.20225236
 -0.43758905         0.56673050         0.69809198
 -0.27745831         0.60236257         0.74844915
 -0.56623024         0.49620247         0.65815377
 -0.57438344         0.57509643         0.58253562
 -0.62661225         0.57382441         0.52733541
 -0.57563823         0.77586114         0.25822505
 -0.68763286         0.71254045         0.13945323
 -0.70163542         0.66800636         0.24794188
  0.36605331         0.28835186        -0.88479275
 -0.13252564        -0.91267526         0.38660154
 -0.47275618         0.86495382         0.16839401
 -0.48511437         0.83772081         0.25077444
  0.53696257        -0.70948344        -0.45640382
  0.57575738        -0.66879344        -0.47033906
  0.43136886        -0.32188809        -0.84279823
 -0.49346668        -0.86199021         0.11603250
 -0.04027495        -0.99903286         0.01764187
 -0.19593805        -0.08072913        -0.97728765
 -0.82766241         0.03896432        -0.55987209
 -0.19140248         0.37029266        -0.90898216
 -0.88786167         0.33943084        -0.31062594
 -0.90473199         0.35912490        -0.22910574
  0.12794130        -0.47732466        -0.86936307
  0.32800275         0.89568692        -0.30026504
  0.40732819         0.86985481        -0.27827379
  0.33061290         0.11861347         0.93628305
  0.39986703         0.11000007         0.90994859
 -0.77554739        -0.12397090        -0.61899716
 -0.95592344         0.21333088        -0.20174333
 -0.93712121         0.19337496        -0.29053402
 -0.00025180         0.86692989         0.49843007
 -0.06069520        -0.70030355        -0.71126020
  0.02407544        -0.69878566        -0.71492577
  0.21168302        -0.96937603        -0.12450050
 -0.56617284        -0.01886410        -0.82407069
 -0.96558446         0.25869134        -0.02693544
 -0.52918565         0.49397567         0.68989170
 -0.07586081         0.98135281         0.17661183
  0.00703316         0.99388248         0.11021888
 -0.02662896         0.99959582         0.00995865
 -0.12560138         0.99207097         0.00441904
 -0.16569574         0.98261195         0.08377749
 -0.07110326         0.00161600        -0.99746770
 -0.16969538         0.83158594        -0.52883685
 -0.90514982         0.25284365        -0.34172216
  0.06492484         0.13549483         0.98864853
  0.11234835         0.97487158         0.19236228
  0.08226089         0.98843688         0.12738027
 -0.94393808         0.31839207        -0.08722068
 -0.42353705        -0.37826580        -0.82312286
 -0.30029273         0.95371485        -0.01588445
  0.15953390         0.14241600         0.97686571
 -0.61031181        -0.41461092         0.67499435
 -0.61979657         0.70760280        -0.33933839
 -0.66623569        -0.36619794         0.64963770
 -0.67125565        -0.26762894         0.69122404
 -0.39927721        -0.30962297        -0.86296654
 -0.65128177         0.19830361         0.73246694
 -0.58422065         0.16708270         0.79421008
  0.81174111        -0.38266507         0.44118452
 -0.15839557         0.50888163         0.84613854
 -0.13064194         0.58507591         0.80038673
 -0.16448997         0.62077224         0.76654088
 -0.20404956         0.78089064        -0.59040129
  0.06927351        -0.62721002        -0.77576339
  0.00051146        -0.56996870        -0.82166630
  0.04197535        -0.48647913        -0.87268335
 -0.17049290        -0.02154022        -0.98512340
 -0.22365634         0.07092866        -0.97208381
  0.79796517         0.59778029        -0.07687830
  0.87650383         0.48032334         0.03210286
  0.36131775         0.74127203        -0.56565475
  0.43957421        -0.72766286        -0.52657503
  0.43223533        -0.69828773        -0.57058454
 -0.66834950         0.07274750        -0.74028152
 -0.64698797        -0.00923289        -0.76244426
 -0.67920470        -0.07571175        -0.73003334
 -0.75015843        -0.06498685        -0.65805703
 -0.77037573         0.02517897        -0.63709277
 -0.73627877         0.08328322        -0.67153376
 -0.03387526         0.76607448         0.64185846
  0.94980663        -0.18257326        -0.25403616
  0.48821786        -0.01047121        -0.87265897
  0.48924807         0.59006053         0.64223439
 -0.93838519         0.30026448        -0.17109777
 -0.28410223         0.07278143        -0.95602757
 -0.33862764        -0.76942474        -0.54158729
 -0.02442663         0.59624177         0.80243325
  0.09248034         0.67640328         0.73070234
  0.00554309         0.66754884         0.74454546
 -0.05388473         0.71271139         0.69938475
 -0.13992471         0.69010222         0.71005625
  0.43888316         0.88278842        -0.16752969
  0.38880602         0.91173583        -0.13254294
  0.68218678        -0.70877385        -0.17961326
  0.47590789         0.87934321         0.01634817
